7582343
7582351
7582359
7582367
7582383
7582391
7582399
7582419
7582423
7582431
7582435
7582455
7582459
7582479
7582483
7582495
7582499
7582519
7582523
7582543
7582547
7582555
7582575
7582583
7582587
7582591
7582611
7582619
7582623
7582643
7582647
7582667
7582671
7582691
7582695
7582715
7582719
7582735
7582751
7582771
7582791
7582795
7582799
7582803
7582823
7582827
7582831
7582839
7582843
7582851
7582863
7582867
7582875
7582879
7583343
7583347
7583355
7583367
7583383
7583391
7583399
7583419
7583423
7583427
7583439
7583459
7583463
7583483
7583487
7583495
7583499
7583511
7583515
7583519
7583523
7583543
7583547
7583563
7583583
7583587
7583607
7583611
7583615
7583623
7583635
7583647
7583667
7583671
7583691
7583695
7583715
7583719
7583739
7583743
7583763
7583767
7583787
7583791
7583811
7583823
7583831
7583835
7583843
7583855
7583871
7583875
7584395
7584399
7584407
7584419
7584439
7584443
7584459
7584463
7584479
7584487
7584491
7584511
7584515
7584535
7584539
7584547
7584551
7584571
7584575
7584595
7584599
7584619
7584623
7584639
7584659
7584663
7584683
7584687
7584707
7584715
7584719
7584723
7584743
7584747
7584751
7584771
7584779
7584783
7584803
7584807
7584819
7584823
7584843
7584847
7584867
7584879
7584887
7584895
7584903
7584907
7584915
7584923
7584927
7584931
7585339
7585343
7585351
7585363
7585383
7585387
7585403
7585407
7585415
7585419
7585439
7585459
7585463
7585483
7585487
7585495
7585499
7585511
7585515
7585531
7585539
7585543
7585563
7585567
7585587
7585591
7585611
7585615
7585635
7585639
7585655
7585659
7585679
7585687
7585707
7585711
7585731
7585735
7585755
7585759
7585763
7585783
7585787
7585803
7585823
7585831
7585839
7585843
7585855
7585859
7585863
7585867
7585871
7585875
7591343
7591351
7591359
7591367
7591383
7591391
7591399
7591419
7591423
7591431
7591435
7591455
7591459
7591479
7591483
7591495
7591499
7591519
7591523
7591543
7591547
7591555
7591575
7591583
7591587
7591591
7591611
7591619
7591623
7591643
7591647
7591667
7591671
7591691
7591695
7591715
7591719
7591735
7591751
7591771
7591791
7591795
7591799
7591803
7591823
7591827
7591831
7591839
7591843
7591851
7591863
7591867
7591875
7591879
7592403
7592407
7592411
7592427
7592447
7592451
7592463
7592467
7592475
7592479
7592483
7592495
7592503
7592523
7592527
7592547
7592551
7592555
7592559
7592571
7592591
7592595
7592615
7592619
7592639
7592643
7592663
7592667
7592671
7592675
7592679
7592683
7592703
7592707
7592727
7592731
7592751
7592755
7592775
7592779
7592799
7592803
7592823
7592827
7592847
7592851
7592871
7592891
7592895
7592899
7592907
7592915
7592927
7592931
7592943
7592947
7593343
7593347
7593355
7593367
7593387
7593391
7593407
7593411
7593423
7593443
7593447
7593467
7593471
7593491
7593495
7593499
7593503
7593515
7593535
7593539
7593559
7593563
7593583
7593587
7593607
7593611
7593631
7593635
7593655
7593659
7593667
7593683
7593699
7593711
7593715
7593719
7593723
7593743
7593747
7593751
7593755
7593759
7593763
7593783
7593787
7593803
7593807
7593815
7593819
7593823
7593843
7593847
7593851
7593855
7593859
7593867
7593871
7593875
7602347
7602355
7602363
7602371
7602387
7602395
7602403
7602423
7602427
7602435
7602439
7602459
7602463
7602483
7602487
7602499
7602503
7602523
7602527
7602547
7602551
7602559
7602579
7602587
7602591
7602595
7602615
7602623
7602627
7602647
7602651
7602671
7602675
7602695
7602699
7602719
7602723
7602739
7602755
7602775
7602795
7602799
7602803
7602807
7602827
7602831
7602835
7602843
7602847
7602855
7602867
7602871
7602879
7602883
7603351
7603355
7603363
7603375
7603395
7603399
7603419
7603427
7603431
7603443
7603447
7603451
7603455
7603475
7603479
7603499
7603503
7603507
7603511
7603527
7603543
7603563
7603571
7603575
7603579
7603583
7603587
7603591
7603611
7603619
7603623
7603643
7603647
7603663
7603683
7603687
7603699
7603719
7603723
7603743
7603747
7603767
7603771
7603775
7603779
7603783
7603787
7603791
7603799
7603819
7603823
7603831
7603835
7603839
7603851
7603863
7603867
7603871
7603875
7603879
7604399
7604403
7604411
7604423
7604443
7604447
7604463
7604467
7604475
7604479
7604499
7604519
7604523
7604543
7604547
7604555
7604559
7604571
7604575
7604591
7604599
7604603
7604623
7604627
7604647
7604651
7604671
7604675
7604695
7604699
7604715
7604719
7604739
7604747
7604767
7604771
7604791
7604795
7604815
7604819
7604823
7604843
7604847
7604863
7604883
7604891
7604899
7604903
7604915
7604919
7604923
7604927
7604931
7604935
7605339
7605343
7605355
7605363
7605383
7605387
7605403
7605407
7605411
7605419
7605423
7605431
7605435
7605455
7605459
7605479
7605483
7605491
7605495
7605507
7605527
7605531
7605547
7605567
7605571
7605579
7605583
7605591
7605595
7605599
7605619
7605623
7605643
7605647
7605667
7605671
7605692
7605695
7605715
7605719
7605739
7605743
7605763
7605767
7605787
7605791
7605807
7605815
7605819
7605823
7605831
7605851
7605863
7605867
7605871
7605875
7612404
7612411
7612420
7612428
7612443
7612451
7612460
7612479
7612483
7612492
7612495
7612516
7612520
7612540
7612543
7612555
7612560
7612580
7612584
7612604
7612608
7612615
7612636
7612643
7612648
7612652
7612672
7612680
7612684
7612703
7612707
7612728
7612732
7612751
7612755
7612776
7612780
7612796
7612812
7612832
7612851
7612855
7612860
7612864
7612884
7612887
7612891
7612900
7612904
7612912
7612924
7612927
7612936
7612940
7613344
7613351
7613360
7613368
7613384
7613391
7613400
7613419
7613424
7613436
7613443
7613464
7613468
7613487
7613491
7613496
7613500
7613512
7613531
7613540
7613544
7613547
7613568
7613572
7613580
7613600
7613604
7613620
7613640
7613643
7613664
7613668
7613688
7613691
7613696
7613711
7613720
7613739
7613744
7613764
7613783
7613787
7613808
7613820
7613824
7613827
7613831
7613836
7613840
7613844
7613852
7613860
7613871
7613876
7614340
7614344
7614352
7614364
7614384
7614387
7614404
7614407
7614420
7614428
7614432
7614452
7614456
7614475
7614479
7614492
7614496
7614508
7614512
7614515
7614519
7614540
7614544
7614548
7614567
7614572
7614592
7614596
7614608
7614611
7614632
7614636
7614644
7614651
7614668
7614684
7614703
7614707
7614728
7614732
7614751
7614756
7614776
7614780
7614796
7614804
7614816
7614820
7614824
7614832
7614840
7614856
7614860
7614864
7621348
7621352
7621364
7621372
7621384
7621388
7621392
7621396
7621416
7621420
7621440
7621444
7621452
7621472
7621476
7621496
7621500
7621504
7621508
7621528
7621532
7621536
7621544
7621548
7621552
7621572
7621576
7621580
7621588
7621608
7621616
7621624
7621628
7621648
7621652
7621660
7621664
7621668
7621680
7621684
7621688
7621692
7621696
7621716
7621720
7621724
7621728
7621748
7621752
7621756
7621760
7621764
7621768
7621788
7621792
7621800
7621820
7621840
7621860
7621868
7621872
7621876
7621880
7621884
7622348
7622356
7622364
7622372
7622388
7622396
7622404
7622424
7622428
7622436
7622440
7622460
7622464
7622484
7622488
7622500
7622504
7622524
7622528
7622548
7622552
7622560
7622580
7622588
7622592
7622596
7622616
7622624
7622628
7622648
7622652
7622672
7622676
7622696
7622700
7622720
7622724
7622740
7622756
7622776
7622796
7622800
7622804
7622808
7622828
7622832
7622836
7622844
7622848
7622856
7622868
7622872
7622880
7622884
7623348
7623356
7623364
7623372
7623388
7623396
7623404
7623424
7623428
7623432
7623436
7623440
7623444
7623464
7623468
7623488
7623492
7623500
7623504
7623524
7623528
7623548
7623552
7623572
7623576
7623596
7623600
7623620
7623624
7623644
7623648
7623668
7623688
7623692
7623712
7623716
7623736
7623740
7623760
7623764
7623784
7623788
7623808
7623812
7623824
7623828
7623832
7623844
7623848
7623856
7623868
7623872
7623876
7623880
7623888
7623892
7624400
7624404
7624412
7624424
7624444
7624448
7624464
7624468
7624476
7624480
7624500
7624520
7624524
7624544
7624548
7624556
7624560
7624572
7624576
7624592
7624600
7624604
7624624
7624628
7624648
7624652
7624672
7624676
7624696
7624700
7624716
7624720
7624740
7624748
7624768
7624772
7624792
7624796
7624816
7624820
7624824
7624844
7624848
7624864
7624884
7624892
7624900
7624904
7624916
7624920
7624924
7624928
7624932
7624936
7631344
7631352
7631360